
55089588
10300110
90983741
83366113
52556668
46055568
10682917
40738863
66861311
73023500
50006772
40344117
27128724
52776662
35573406
59524726
29823140
96945356
30614928
39666120
23430279
18788396
11801421
57950702
24546264
35968998
41140513
77247682
56659958
87318434
92880868
60277089
36937101
19855208
69957938
62361354
62615776
31116169
30416229
11811457
56638611
11716896
13254185
90756941
21074239
10812824
43342458
22154641
37524648
71517305
70602607
35614125
64931364
55573585
56739784
94411470
29558998
53541147
83329145
43846252
66829533
92613799
35460646
39748575
55210486
21858728
30011071
92876799
92724268
84913054
37461530
99674519
71140898
49312011
19274901
45848234
79259371
27672348
63832058
88073258
85287714
37710462
33021169
50506099
64823911
28296422
32149812
35124479
10122354
44666483
84400398
30279785
15050249
93626562
43837745
65588951
44135382
21347843
33253724
24449630
18213093
43194192
17053488
31590611
44355079
21369607
60102579
88025403
17425403
89868577
95824668
20979064
85284052
85604198
88218467
60945178
24701950
19854597
56150393
53671166
55357596
83550131
41289336
81264227
26911268
95443432
32697608
56209367
97534668
53098763
96670093
40724941
56153386
79557026
63714234
95274523
94548598
30830215
70921245
37061557
95232810
70915845
40526518
81305707
24361595
58141589
97924698
71037612
81575067
40163137
51010576
68134540
45816094
25435658
60059151
70145528
64910268
69961964
46344314
96087805
53077054
88113696
83613023
41180147
50496487
22244153
78389683
69729736
31150849
59744638
21767784
57566392
23216835
20790414
64875708
41226373
85512728
19498136
10699792
37359938
19636873
44936618
38029359
64484420
36317195
69315234
51617490
46546509
29977784
56645315
89749620
10916735
47664436
84256689
39667178
90778478
18401919
16135878
40658956
14636406
54617244
51835836
49951107
29011665
32818478
31078677
68226350
48678988
13396222
39591607
69283092
20317955
84260580
49906939
96616810
12688236
42582026
81995266
90680445
88176719
27455598
10098687
41155738
88847001
34538256
54194955
78281609
42022977
48215479
55629496
86019622
93019267
81690617
52186761
90388359
78332780
10564745
20451588
92733276
52070978
44418555
16124247
59504060
94705465
31650390
58566459
72944742
24299882
56496851
85583093
36989558
13432264
90744015
37561538
92043177
16767023
57445162
84231688
69690915
11133250
25567259
41004545
54144110
26471100
45311500
56165812
63585231
29382001
47043991
63656273
19809384
93544727
26718079
44230689
65961727
85640764
82226874
70205686
42841168
27185641
15025585
63998953
22282404
20293744
12907229
46997359
29110625
76068189
90790185
75549004
16669066
90070260
91430638
69982482
83180449
13804247
70160346
85824278
21348542
43114349
50398135
12251588
23747084
44712042
49630607
78197799
66315555
79934003
54033641
95850095
62927466
78843018
70102863
70457838
71323974
60241964
83272280
11027549
55511087
47255189
21017808
73508858
13601326
11288061
35417868
91218719
66494857
25228691
89740255
70210698
46261153
97751928
94743619
83183651
43434964
30137244
48069551
59276948
14677895
66919442
44277554
12854836
61279485
54003688
93808859
42881144
22138167
81509254
80644637
28028438
36787889
46427411
34667690
84560530
66954794
75503659
17245851
46075338
73051910
39116898
74825426
81633899
53122676
77073665
76782785
12894989
76194771
44081566
89444802
49282510
36488510
97232728
94306786
82002147
58990929
99978404
73398578
33377731
80454452
20469896
89092157
64439337
91390725
98358874
23829450
85163493
96610840
91849187
62347123
37933052
54237710
29041194
15580161
74732128
23091784
58614425
57356002
89422799
59345889
72058700
42250464
24016313
59851924
19745519
96807454
48731852
32214907
16176959
15418805
31042454
63196761
42503472
92016639
66069803
23550730
80891380
64496224
26379437
14801972
30707910
78023286
45221642
89692151
59620720
31352944
49487168
65828884
81012483
99563344
72820712
43565928
85366384
13350917
61720884
56754914
26158800
75756719
67599033
86806373
11490913
21324942
95608028
62817942
68851591
13251691
88729077
81885862
20376108
40703512
71205891
14571710
88089242
97642188
62597906
16299430
23783052
32773113
50398324
86144167
22221907
43744604
87858374
74686924
86007451
91945968
83239173
52188614
78007260
41686397
19239581
70716247
19206876
62597698
39178946
89614163
12022182
82972632
95266749
61932916
69055287
86019770
30650548
76939088
13909114
24751165
78208196
10780979
89980717
84066385
29028893
13321684
39614108
26743580
45767616
90068202
29910661
75627909
10229718
16487310
97236805
18219965
86643605
66620987
73302904
72503241
44088498
20576808
82534648
57242351
81902347
98041103
79010462
21358996
33725071
50371466
86723854
53230261
83827667
36526809
15643430
98144621
85125864
74135728
81614993
94826744
22871851
65438175
93134300
42798228
78449714
15109240
69130101
68432495
96924012
77918560
49634170
31793527
97822141
88520885
59072386
60118476
76603831
34405231
69988842
55672485
52357827
63790510
94946203
83153577
85378094
44076281
43642990
56840147
44590625
62335949
49637049
81931413
26792307
18477011
18654967
42208179
71959129
12501413
48006951
20862401
87074528
20182534
14401661
96092447
23588867
42264190
20346288
41035131
99144928
69787767
82988139
97425110
19294642
26726369
55008184
50283301
50507423
56320901
74933283
84301253
61410622
63556399
99281207
92467585
21620259
60253633
25931343
46875612
94924903
83685917
41340572
24864157
24567867
48908327
83245487
82191029
13553860
29709674
69409972
37193670
87704739
83972786
13931618
64746255
79889127
83646050
85060445
67908378
87285344
46068072
24785962
68757772
67069325
44991326
40097461
52674101
75183326
20780644
74759357
57930245
74694056
40812512
79354785
95727599
56217414
13091759
63043078
80600460
74574054
84695799
18087273
13918065
99417492
78207717
68972669
56065544
76682512
87915603
57696007
27724469
43930376
19355947
74365821
68666053
75940653
36806155
50516820
87928032
76668765
96728191
36124563
35400635
85721455
39809645
85029509
81675923
13064005
29735593
67932863
31010484
87837978
93687940
46137223
54368144
32533260
69013266
47507276
95144194
20686387
78246619
88181816
61765811
68201906
20299438
99007131
73847412
57900326
62819633
69021436
57371129
16153232
53775488
47270647
70666343
27076853
69149272
61545371
56193843
45979306
96658545
34443471
19551970
34452867
67982278
73448255
20426234
95214430
41215539
60971077
15823977
16907501
11813907
88873917
50554776
54982543
86445983
49222016
62555681
63270912
98099384
92051553
81888649
35340808
69683074
25214636
50523078
93940057
51617905
69208358
67778334
44117815
84869650
59534340
27739004
39383336
58851358
56994612
14049499
63265568
41609957
53483974
45643379
40140517
55553699
31218366
61041312
87360229
83733546
37350816
87960003
78605186
13344939
10143669
87448812
87712954
20807930
82111687
88535468
35142467
20810368
16545023
54596428
45485406
61148819
41148223
25507513
42833071
85751633
24420431
81732709
89853051
22577430
18710671
14419351
98072160
66838069
50118976
31137480
62808127
35057027
18336044
27228695
32936707
16698033
57703626
74902475
82954555
41115833
68112769
98861984
11210851
87124690
67284819
14349426
48364323
29203529
99637553
59892258
13183531
13871602
14410108
25450767
20413331
10746465
92793928
49368935
64938701
33960038
11482981
47153569
46805925
18249216
79309796
48110067
40017898
99501525
89240976
29890458
65065593
59026367
25283237
34935407
53810216
77174860
59400952
56104243
22051519
36123550
93190861
83974604
82159822
90151878
41205443
58971971
23380010
54641750
32210491
31479734
29465023
46638654
19212521
33620099
94887762
85650267
56148731
62670607
73956484
31761919
56286121
74179991
62653920
58006484
60799294
84094915
81266101
78912810
58511257
15430912
53688796
64393025
59561368
51181375
20341468
51030282
16470281
17788419
28741612
49929882
78875578
37845305
25526323
86235739
76082849
86366924
29800354
70559208
16226207
69176096
22829120
64526055
11433330
33483589
56040060
77582733
68235332
69320280
73259629
13088768
30983765
77007109
11624542
96431635
80766436
25577153
16057060
28886289
49310909
53235038
89561708
26638967
53078890
87065451
23380509
92657020
76033881
45387308
76320969
86102575
92568889
63058096
11888901
70587376
14515496
59339356
33235444
12967560
19108425
53449023
25984134
31913626
17731566
80439836
38452725
86985040
91227826
60278090
16619529
11511190
20064727
92506787
88109606
36934241
89025896
12373251
47611465
18651812
52196289
53030796
49671030
72796110
72618385
18753394
13295141
95977751
33360725
71420056
87847153
17803268
92006391
48399186
39041282
32784567
74872366
54207047
34171700
58003450
19595496
74784178
89942765
97084793
74460047
53686767
62190852
78284125
82534205
37543640
23152439
18374197
29482317
67833042
71596592
77149239
48594594
21971880
40707019
58444260
64772552
73672608
60348800
71858080
19838713
47721247
97427287
56253765
13084007
76423670
84388289
21879879
16825211
30002208
29103678
76617818
59102354
40417524
32532198
11504669
76829512
51944560
70734985
10383731
71643817
78220525
19604499
84516591
64074594
90761287
93346185
63968100
11307675
30597371
46169471
33188395
50926082
18999202
34014920
51991515
89624635
77123711
98905894
88626440
33122720
90842786
82311642
26257599
22894798
88869645
80795226
38368043
97350442
68245329
67983315
47180598
67445198
98248049
32995582
12955608
54926730
22673511
87907639
10920582
91934496
72885392
69468846
66616894
15037371
85967455
35796686
20198236
28429609
33433632
86328584
98508328
69709747
74952187
67502718
20321169
56936325
53753628
73140393
75591087
99222444
68821061
37320121
20696558
87217230
25869148
27369441
90605725
73912781
10998673
28511323
74545763
89417956
38301580
98394396
86589825
98148917
44716870
35701191
75846082
57727525
17220244
30999363
56161956
93781746
79107796
14242371
35282234
81750302
33415914
50764271
44786362
48553888
29902959
48516489
97434665
44222423
70042104
15173773
83372277
75527434
99798807
48482731
33359579
73099141
79607891
73426014
16270001
91656876
65154722
55935777
40257924
64019705
30408269
91665511
99182098
70734750
54644327
17287070
16212343
15315532
59566102
37121510
29622343
30359370
38801026
12944238
62900721
68192493
39158010
92763832
99017207
98245172
90755284
83670832
74683027
73597238
55042935
22429099
21515698
99094406
82840868
28433053
82375445
96774162
17149441
74177524
12353652
60922599
75664896
46060771
81626097
80156711
45709991
86918790
69124798
88031602
32143439
18577254
32989315
92658420
92485314
73955214
57937978
21183200
76793064
32159074
17870207
70312493
18043153
48470797
73897879
82026804
33845889
19214889
81484894
23105213
60790156
63183518
80196529
94348836
30116879
71933866
89962855
22045473
47691319
11519036
91851456
45010959
98782149
27559478
39451324
76118815
75004704
49264274
43950021
14089430
18367567
26024434
88830205
75753607
82199821
92108876
43151602
62163782
97267224
82720980
81756054
30175413
53522131
56572399
75163995
42311204
64922014
28223436
46203077
42166497
35958322
73579959
66770984
31981117
12886654
74734897
55741819
36111167
10829356
94790769
25856661
35035705
79253307
99644587
31736024
71432766
85319522
12372535
31752057
94530006
68566929
55433766
14553323
32536144
95530515
31447249
44879799
68223279
69396228
93340701
63302110
92200105
53861358
69756846
81962658
20508792
36253283
83455555
40915640
18063851
24908004
61154672
34870423
74464338
53137115
56689376
87869671
96790478
36727898
42711888
68367023
84488859
29526318
44748313
89653469
59189270
39511497
65548655
89713677
10490645
15265881
19988879
71033055
36203968
81882967
49357584
87311335
57688217
65928678
31671750
78512549
45570901
24569544
10145860
82896957
60585846
15261437
34527869
60428273
36662189
44796549
71664568
30606458
53758374
85728426
51695059
27980026
97120443
15200152
68300231
94542411
35304168
47542350
82721314
11735918
31113113
94810173
30674451
98432056
42908316
42403867
40414586
11676119
19997687
51823024
85347450
79356632
11462935
85756306
75819638
85181730
59434245
65281165
94668420
65869691
34977061
98636394
75178817
36561136
71635102
52912330
97632241
86840584
10914335
40232108
65757050
36464625
13031526
63771252
99104898
41237063
88657448
18196818
77176460
40971270
46821814
84158851
69871665
56829290
67172779
64678008
44272123
76681837
49051948
20096216
88959281
23603987
83085265
98404410
85685918
52027708
86744077
68867846
86002146
32504390
11538630
54601310
47846762
34043864
58959592
15763602
14543309
67605957
62567973
98607401
25333151
24304740
18529476
51173518
32869512
73691837
95038986
16834091
61757876
19320313
93854896
40553385
23920272
87177620
32699045
21709242
52307343
82954892
71628690
41830426
70924919
18284516
78748223
14145046
53886697
97628309
33928605
80299848
55004028
30019874
60120442
73289922
67139388
60488842
11352493
70615700
16947633
30594029
11710107
40323885
14817772
46919608
74413781
79576352
69999026
39481519
38530119
54521458
74759246
11954194
98888701
67524465
96959649
18723541
66835939
50387642
56025875
12720935
12202041
55949873
45223534
19497305
75945347
16851568
91659836
83946681
75512554
25518180
81120035
70384275
50146434
51190819
39484697
98401917
69429960
33627511
20480769
81001887
77719336
53563160
13017784
10505224
10005748
94655274
17755387
35840524
63735580
34749230
75051454
74347570
60986574
70759722
40452664
99651967
31258418
71095004
48963702
53709912
46880421
84384912
94869557
95754368
62130500
86624455
94454716
93672828
39211325
93866850
22529159
80110846
96660324
38176224
60488298
80450464
50508934
70660915
10376983
20704631
91411893
15162892
25989002
94058277
19809235
64571062
17955581
44732640
66185726
25268498
35407922
74099103
99037199
64886879
84239118
67070284
78929577
19127786
96410704
62981836
26694732
26591140
54993476
43944561
74724162
49587457
56557000
82172773
86435239
14809479
14769956
66760152
63061469
66257786
98590282
76934801
88789696
60439031
15125281
13744786
66751145
35855856
20522762
14400499
84022078
93250210
59063632
33773431
21942691
76573421
16652406
13818471
29492898
65134289
38656871
31527540
17498632
91851088
14563580
61476716
47188747
90256154
31870295
79798874
28701607
99848164
29385587
78043402
76843388
90020568
42088669
20886147
35315028
14325814
83867490
82870019
32261112
22441371
86698291